256
  3.6457648943931886E-02  2.1335074943969809E-02 -2.0211792225418640E-03
 -2.9293340032959326E-02 -3.7459188859396859E-02 -3.2121656847275087E-02
 -6.9275403569906003E-03  2.6886280645430024E-02  1.7673779554508301E-02
  1.4129769348646329E-02  1.0579796502035510E-02  9.9960369451445219E-03
  1.0173214001473592E-02  7.9632649520117909E-03 -2.1765887460263680E-02
 -1.9910929550999575E-02  1.1031747217183551E-02 -6.2661361941082143E-03
 -1.4483080349181617E-02 -5.9007096505600456E-04  2.9405371561960265E-02
  3.2253249566200032E-03 -9.0593461133176313E-03  3.2554908439233050E-03
  3.8286815779882929E-03  1.6852223641702503E-02 -1.1257009686940392E-03
 -1.8936792022660584E-03 -6.0958511387828820E-04  2.4246735590638080E-02
 -1.5989866252860592E-02 -5.4730326810126363E-02 -1.0721983570069779E-02
  3.9635714910705896E-02  2.9778677498410359E-02 -1.7293551575040569E-02
 -7.0462618017456147E-02 -0.5737529997370393      -1.487634782711729    
  0.2908228188077054       6.862887887119271       6.358234952901606    
  -9.402327684609570      -17.74223238450117      0.6361560125719602    
   21.97251389151924       13.97588241204039      -9.574378471369014    
  -15.33642216579439      -6.282456444313764     -0.7600071340106578    
   3.519096017733860       9.958306174342851       7.261538464809846    
 -0.5882746209083356      -1.415834154289648      -4.349489416466141    
  -8.880583475783346      -4.793161147283452      -1.157748725747439    
  -1.345597193728682       3.800250936540877       6.657474111272758    
   2.968371943825777       4.813859358238327       3.875510458873763    
  -1.495504783778041      0.5872701949065407      -1.187395670580210    
  -3.714957031329045     -0.4202442279738137      -1.916644292806324    
  -1.606475678339385      0.5122162694872917      -1.080489971928765    
  1.6315315147058944E-02  0.1969410371713306     -0.7312209407064136    
  0.3933924343634758     -0.3262936646430608     -0.3231988635668661    
  0.4136005058672725     -0.2903396136969439      0.1920538294205907    
  0.3787735757420731     -8.0451949027937480E-02  0.3108394323169231    
  0.2104617782534339      4.7901047109957468E-02  0.2539576691953016    
  0.1190052166117152      8.7235313056337516E-02  0.2356777526541341    
  0.2585847835338329      0.2090448115271384      0.1476928234695329    
  0.1430556883571635      0.1077161992990693      5.1888700750128545E-02
  1.9842960291787914E-02 -2.3373277950850647E-02 -2.1249179807782009E-02
  1.4668404644311056E-03 -5.1247569714076698E-02 -0.1799953557433976    
 -0.1344793349010766     -5.7911055804844029E-02 -0.1287707072972751    
 -8.4006734681981601E-02 -0.1035908961827804     -0.1572841825244118    
 -4.4092863734888518E-02 -6.5730762018396989E-02 -0.1235634342489860    
 -9.6459252725185353E-02 -0.1026645869597902      1.6617305436779277E-02
  3.0937989472523029E-02 -6.0210629452465776E-02  2.3360055190501425E-03
 -2.4683395939948856E-02 -4.3153735181718309E-03  7.7454659400819205E-02
  5.4086594410292247E-02  6.3674289968654051E-02  4.9806146490476145E-02
  5.4623626817436100E-02  8.9800047038797371E-02  6.9385688643849031E-02
  3.7568367387438397E-02  2.8957549023380247E-02  2.5852171167268632E-02
  4.4361619952756527E-02  4.6980658197880531E-02  1.5781788751407949E-02
  1.7727149782644020E-02 -1.2905357780001902E-02 -1.3478619549215401E-02
  1.5502783953558588E-02 -6.2132701797641823E-03 -2.0252980605410946E-02
 -2.2724229842190286E-02 -6.6816159081016396E-03 -9.8604949579270975E-04
 -5.7022686528789145E-03 -1.3882707215602096E-02 -2.7723944472197521E-02
 -6.4268524948098421E-02 -6.9197622402864513E-02 -1.2013557251268010E-02
  1.1328579377715325E-02  1.2440323524933837E-02 -1.4354400259085183E-02
 -2.8476726306298900E-02 -1.0845326388745637E-02  2.1588889294767872E-02
  4.0929427269637208E-03 -5.8732615906983409E-02 -9.5165151910141517E-03
  3.3526586713240481E-02  2.0282024174696925E-02 -7.5902172605329813E-04
  2.1185901254436210E-03  4.5976156490918301E-02  3.8025965936489713E-02
  1.9926868042515700E-02 -7.2622678141436997E-03 -4.9064829639529454E-03
  3.2514823158501571E-02  3.2067231602731228E-02  2.1084633840956934E-02
 -1.0329968150078139E-02 -3.4930102106409795E-02 -9.2486000790963363E-03
  2.8674735747464708E-02  1.0902823769070591E-02 -1.5321391380247906E-02
 -1.2865155772050274E-02 -9.0900111441047371E-03  2.5598418370168796E-03
 -8.5034013524574181E-03  1.5581247006921317E-02  2.9871977770112995E-02
 -3.3798867188672130E-02 -4.4720248435791088E-02 -1.7095858818850451E-02
  2.4937725336234340E-02  3.8110884175182852E-02 -3.2732003100352139E-02
 -4.2075694993037316E-02 -5.1498045947919735E-03  1.8002096175006643E-02
  2.1297541852705604E-02 -7.2223372757474480E-03 -2.4869258012919990E-02
 -1.6006276267516169E-02  2.1484676932698177E-02  4.3820665428415673E-03
 -1.7147107788003588E-02 -1.2258301113496309E-02 -3.1004652225399831E-05
  3.0519731105124102E-02  1.4595088246192031E-02  1.3216745321890263E-02
  9.9381301712010480E-03  1.3939881512054518E-02  2.2398049365017977E-03
 -2.0952662904804620E-02 -4.0026109440152377E-04 -1.1081106905212003E-02
  1.6577713132646565E-02  2.0724649959037554E-02 -1.9337436579010030E-02
 -4.1953979450604420E-02 -4.0060366872227127E-02  1.2431353385751558E-02
  3.9218913977688863E-02  1.8954454646583017E-02 -1.3992495663988780E-02
  3.6584282928809747E-03 -6.5092675703997318E-03 -8.6892785527458577E-03
  2.3411004694373868E-02  1.2772102777605689E-02  1.6107414303831558E-02
 -3.2917871853457770E-02 -5.4755123280944740E-02 -2.9371546145330299E-02
  2.9616224606427667E-03  4.2900703557586088E-02  3.5728921100495425E-02
  2.4588907309789227E-02 -1.4606575008902572E-02 -1.6389677809380425E-02
  1.0631663115464743E-03 -1.0185507967568715E-02 -3.7013074856318568E-03
  5.5168199348688655E-04  8.9021045132776574E-04 -3.8443493989228673E-03
  4.7619114204205783E-03  1.4425690549280170E-02  2.6075698997044332E-02
  1.8166796509377358E-02 -1.3082514780751368E-02 -1.7496500638603705E-02
  1.0691029222533358E-02  1.1204891320947176E-02 -3.0311773480281061E-02
 -3.6110127824656576E-02 -7.6094517742636538E-03  6.9978574885895119E-03
 -1.3748862494992794E-02 -2.7426143592763248E-03  1.4078591641194459E-02
  1.5677709437284116E-02
